<!DOCTYPE html>
<!-- saved from url=(0077)http://meme-suite.org/opal-jobs/appAME_5.0.51567091461463-2112468966/ame.html -->
<html class=""><head><meta http-equiv="Content-Type" content="text/html; charset=UTF-8">
    
    <title>AME results</title>
    <script type="text/javascript">
      //@JSON_VAR data
      var data = {
        "version": "5.0.5",
        "revision": "2602eb5a24d0c444a8305471767f91d5a73a7cea",
        "release": "Mon Mar 18 20:12:19 2019 -0700",
        "program": "AME",
        "cmd": [
          "ame", "--verbose", "1", "--oc", ".", "--scoring", "avg",
          "--method", "fisher", "--hit-lo-fraction", "0.25",
          "--evalue-report-threshold", "10.0", "--control", "--shuffle--",
          "--kmer", "2", "LNCaP_AR_peaks.narrowPeak.fa",
          "db/HUMAN/HOCOMOCOv11_full_HUMAN_mono_meme_format.meme",
          "db/MOUSE/HOCOMOCOv11_full_MOUSE_mono_meme_format.meme"
        ],
        "options": {
          "scoring": "avg_odds",
          "positive_list": "FASTA",
          "pvalue_method": "Fisher's exact test",
          "pseudocount": 0.1,
          "fisher_fasta_threshold": 0.001,
          "hit_lo_fraction": 0.25,
          "evalue_report_threshold": 10,
          "noseq": false,
          "log_fscores": false,
          "log_pwmscores": false,
          "linreg_switchxy": true,
          "fix_partition": true,
          "partition": "number of primary sequences",
          "kmer": 2
        },
        "motif_dbs": [
          {
            "source": "db/HUMAN/HOCOMOCOv11_full_HUMAN_mono_meme_format.meme",
            "count": 771
          }, {
            "source": "db/MOUSE/HOCOMOCOv11_full_MOUSE_mono_meme_format.meme",
            "count": 531
          }
        ],
        "alphabet": {
          "name": "DNA",
          "like": "dna",
          "ncore": 4,
          "symbols": [
            {
              "symbol": "A",
              "name": "Adenine",
              "colour": "CC0000",
              "complement": "T"
            }, {
              "symbol": "C",
              "name": "Cytosine",
              "colour": "0000CC",
              "complement": "G"
            }, {
              "symbol": "G",
              "name": "Guanine",
              "colour": "FFB300",
              "complement": "C"
            }, {
              "symbol": "T",
              "aliases": "U",
              "name": "Thymine",
              "colour": "008000",
              "complement": "A"
            }, {
              "symbol": "N",
              "aliases": "X.",
              "name": "Any base",
              "equals": "ACGT"
            }, {
              "symbol": "V",
              "name": "Not T",
              "equals": "ACG"
            }, {
              "symbol": "H",
              "name": "Not G",
              "equals": "ACT"
            }, {
              "symbol": "D",
              "name": "Not C",
              "equals": "AGT"
            }, {
              "symbol": "B",
              "name": "Not A",
              "equals": "CGT"
            }, {
              "symbol": "M",
              "name": "Amino",
              "equals": "AC"
            }, {
              "symbol": "R",
              "name": "Purine",
              "equals": "AG"
            }, {
              "symbol": "W",
              "name": "Weak",
              "equals": "AT"
            }, {
              "symbol": "S",
              "name": "Strong",
              "equals": "CG"
            }, {
              "symbol": "Y",
              "name": "Pyrimidine",
              "equals": "CT"
            }, {
              "symbol": "K",
              "name": "Keto",
              "equals": "GT"
            }
          ]
        },
        "background": {
          "source": "--sequences--",
          "file": "LNCaP_AR_peaks.narrowPeak.fa",
          "frequencies": [0.316319, 0.183681, 0.183681, 0.316319]
        },
        "sequence_db": {
          "source": "LNCaP_AR_peaks.narrowPeak.fa",
          "count": 25288,
          "skipped": 0,
          "fasta_scores": false
        },
        "control_db": {
          "source": "--shuffle--",
          "count": 25288,
          "skipped": 0
        },
        "min_sequence_score": 4.32314e-22,
        "max_sequence_score": 4.26411e+08,
        "max_median_sequence_score": 1.40476,
        "motifs": [
          {
            "db": 0,
            "id": "FOXA1_HUMAN.H11MO.0.A",
            "len": 12,
            "motif_evalue": 0,
            "motif_nsites": 500,
            "url": "http://hocomoco.autosome.ru/motif/FOXA1_HUMAN.H11MO.0.A",
            "pwm": [
              [0.0160601, 3.67288e-05, 3.67288e-05, 0.983866], 
              [0.246014, 0.00403593, 0.749887, 6.32512e-05], 
              [0.00206285, 3.67288e-05, 3.67288e-05, 0.997864], 
              [0.00406245, 3.67288e-05, 0.0560255, 0.939875], 
              [6.32512e-05, 3.67288e-05, 0.144008, 0.855892], 
              [0.781907, 3.67288e-05, 0.205996, 0.0120609], 
              [0.00806165, 0.797877, 0.00803513, 0.186026], 
              [0.318, 0.138009, 0.00403593, 0.539955], 
              [0.0320569, 0.313974, 0.108015, 0.545954], 
              [0.46397, 0.0200327, 0.0160335, 0.499963], 
              [0.21802, 0.0980171, 0.493938, 0.190025], 
              [0.108042, 0.259985, 0.393958, 0.238016]
            ],
            "pos": 25288,
            "neg": 25288,
            "tp": 16840,
            "fp": 4955,
            "positive_thresh": 25288,
            "true_positive_thresh": 1.03662,
            "number_of_tests": 21795,
            "corrected_pvalue": "1.17e-2583",
            "evalue": "1.53e-2580"
          }, {
            "db": 0,
            "id": "FOXA2_HUMAN.H11MO.0.A",
            "len": 12,
            "motif_evalue": 0,
            "motif_nsites": 500,
            "url": "http://hocomoco.autosome.ru/motif/FOXA2_HUMAN.H11MO.0.A",
            "pwm": [
              [0.0160601, 3.67288e-05, 0.00203633, 0.981867], 
              [0.196024, 0.00203633, 0.799877, 0.00206285], 
              [6.32512e-05, 0.00403593, 3.67288e-05, 0.995864], 
              [0.00206285, 3.67288e-05, 0.0440279, 0.953872], 
              [6.32512e-05, 3.67288e-05, 0.144008, 0.855892], 
              [0.757912, 3.67288e-05, 0.23599, 0.00606205], 
              [0.00806165, 0.887859, 0.00203633, 0.102043], 
              [0.401983, 0.122012, 3.67288e-05, 0.475968], 
              [0.0440545, 0.409955, 0.120013, 0.425978], 
              [0.56395, 0.00803513, 0.0400287, 0.387986], 
              [0.190025, 0.0960175, 0.549927, 0.16403], 
              [0.128038, 0.357965, 0.28198, 0.232017]
            ],
            "pos": 25288,
            "neg": 25288,
            "tp": 15311,
            "fp": 4484,
            "positive_thresh": 25288,
            "true_positive_thresh": 1.04164,
            "number_of_tests": 19798,
            "corrected_pvalue": "1.50e-2202",
            "evalue": "1.95e-2199"
          }, {
            "db": 0,
            "id": "FOXM1_HUMAN.H11MO.0.A",
            "len": 12,
            "motif_evalue": 0,
            "motif_nsites": 500,
            "url": "http://hocomoco.autosome.ru/motif/FOXM1_HUMAN.H11MO.0.A",
            "pwm": [
              [0.0560521, 0.0240319, 0.0340299, 0.885886], 
              [0.252013, 0.0220323, 0.715894, 0.0100613], 
              [0.0260581, 0.0300307, 0.0560255, 0.887886], 
              [6.32512e-05, 0.0680231, 0.0620243, 0.869889], 
              [0.00206285, 0.00203633, 0.0720223, 0.923878], 
              [0.319999, 0.0540259, 0.587919, 0.0380557], 
              [0.0740485, 0.745888, 0.0180331, 0.162031], 
              [0.246014, 0.160005, 0.0380291, 0.555952], 
              [0.0480537, 0.289979, 0.142008, 0.519959], 
              [0.359991, 0.0380291, 0.0280311, 0.573948], 
              [0.108042, 0.160005, 0.445948, 0.286006], 
              [0.16603, 0.341968, 0.257985, 0.234016]
            ],
            "pos": 25288,
            "neg": 25288,
            "tp": 18235,
            "fp": 7649,
            "positive_thresh": 25288,
            "true_positive_thresh": 1.23092,
            "number_of_tests": 28299,
            "corrected_pvalue": "1.08e-1984",
            "evalue": "1.41e-1981"
          }, {
            "db": 1,
            "id": "FOXM1_MOUSE.H11MO.0.B",
            "len": 12,
            "motif_evalue": 0,
            "motif_nsites": 500,
            "url": "http://hocomoco.autosome.ru/motif/FOXM1_MOUSE.H11MO.0.B",
            "pwm": [
              [0.0560521, 0.0240319, 0.0340299, 0.885886], 
              [0.252013, 0.0220323, 0.715894, 0.0100613], 
              [0.0260581, 0.0300307, 0.0560255, 0.887886], 
              [6.32512e-05, 0.0680231, 0.0620243, 0.869889], 
              [0.00206285, 0.00203633, 0.0720223, 0.923878], 
              [0.319999, 0.0540259, 0.587919, 0.0380557], 
              [0.0740485, 0.745888, 0.0180331, 0.162031], 
              [0.246014, 0.160005, 0.0380291, 0.555952], 
              [0.0480537, 0.289979, 0.142008, 0.519959], 
              [0.359991, 0.0380291, 0.0280311, 0.573948], 
              [0.108042, 0.160005, 0.445948, 0.286006], 
              [0.16603, 0.341968, 0.257985, 0.234016]
            ],
            "pos": 25288,
            "neg": 25288,
            "tp": 18235,
            "fp": 7649,
            "positive_thresh": 25288,
            "true_positive_thresh": 1.23092,
            "number_of_tests": 28299,
            "corrected_pvalue": "1.08e-1984",
            "evalue": "1.41e-1981"
          }, {
            "db": 1,
            "id": "FOXA1_MOUSE.H11MO.0.A",
            "len": 10,
            "motif_evalue": 0,
            "motif_nsites": 500,
            "url": "http://hocomoco.autosome.ru/motif/FOXA1_MOUSE.H11MO.0.A",
            "pwm": [
              [0.0220589, 0.00203633, 3.67288e-05, 0.975868], 
              [0.258012, 3.67288e-05, 0.741888, 6.32512e-05], 
              [6.32512e-05, 3.67288e-05, 3.67288e-05, 0.999863], 
              [0.00406245, 3.67288e-05, 0.0580251, 0.937876], 
              [6.32512e-05, 3.67288e-05, 0.297977, 0.701923], 
              [0.927878, 0.00203633, 0.0660235, 0.00406245], 
              [0.0120609, 0.913854, 3.67288e-05, 0.0740485], 
              [0.435976, 0.13201, 3.67288e-05, 0.431977], 
              [0.0540525, 0.365964, 0.0920183, 0.487966], 
              [0.481967, 0.0120343, 0.0440279, 0.461971]
            ],
            "pos": 25288,
            "neg": 25288,
            "tp": 14731,
            "fp": 4688,
            "positive_thresh": 25288,
            "true_positive_thresh": 1.02303,
            "number_of_tests": 19423,
            "corrected_pvalue": "1.65e-1898",
            "evalue": "2.14e-1895"
          }, {
            "db": 0,
            "id": "FOXJ2_HUMAN.H11MO.0.C",
            "len": 10,
            "motif_evalue": 0,
            "motif_nsites": 41,
            "url": "http://hocomoco.autosome.ru/motif/FOXJ2_HUMAN.H11MO.0.C",
            "pwm": [
              [0.000769633, 0.0241358, 0.000446912, 0.974648], 
              [0.308726, 0.000446912, 0.64268, 0.0481475], 
              [0.000769633, 0.000446912, 0.0241358, 0.974648], 
              [0.000769633, 0.000446912, 0.000446912, 0.998337], 
              [0.000769633, 0.000446912, 0.000446912, 0.998337], 
              [0.548247, 0.000446912, 0.450536, 0.000769633], 
              [0.000769633, 0.19259, 0.000446912, 0.806193], 
              [0.119214, 0.216279, 0.000446912, 0.66406], 
              [0.000769633, 0.0241358, 0.237336, 0.737758], 
              [0.465336, 0.0833581, 0.130736, 0.32057]
            ],
            "pos": 25288,
            "neg": 25288,
            "tp": 15097,
            "fp": 5110,
            "positive_thresh": 25288,
            "true_positive_thresh": 1.13435,
            "number_of_tests": 20847,
            "corrected_pvalue": "2.23e-1845",
            "evalue": "2.91e-1842"
          }, {
            "db": 1,
            "id": "FOXJ2_MOUSE.H11MO.0.C",
            "len": 10,
            "motif_evalue": 0,
            "motif_nsites": 41,
            "url": "http://hocomoco.autosome.ru/motif/FOXJ2_MOUSE.H11MO.0.C",
            "pwm": [
              [0.000769633, 0.0241358, 0.000446912, 0.974648], 
              [0.308726, 0.000446912, 0.64268, 0.0481475], 
              [0.000769633, 0.000446912, 0.0241358, 0.974648], 
              [0.000769633, 0.000446912, 0.000446912, 0.998337], 
              [0.000769633, 0.000446912, 0.000446912, 0.998337], 
              [0.548247, 0.000446912, 0.450536, 0.000769633], 
              [0.000769633, 0.19259, 0.000446912, 0.806193], 
              [0.119214, 0.216279, 0.000446912, 0.66406], 
              [0.000769633, 0.0241358, 0.237336, 0.737758], 
              [0.465336, 0.0833581, 0.130736, 0.32057]
            ],
            "pos": 25288,
            "neg": 25288,
            "tp": 15097,
            "fp": 5110,
            "positive_thresh": 25288,
            "true_positive_thresh": 1.13435,
            "number_of_tests": 20847,
            "corrected_pvalue": "2.23e-1845",
            "evalue": "2.91e-1842"
          }, {
            "db": 0,
            "id": "ANDR_HUMAN.H11MO.0.A",
            "len": 18,
            "motif_evalue": 0,
            "motif_nsites": 499,
            "url": "http://hocomoco.autosome.ru/motif/ANDR_HUMAN.H11MO.0.A",
            "pwm": [
              [0.14833, 0.070163, 0.0361017, 0.745405], 
              [0.0621752, 0.0481234, 0.777436, 0.112265], 
              [0.068186, 0.0661558, 0.014062, 0.851596], 
              [0.188402, 0.172347, 0.144296, 0.494954], 
              [0.078204, 0.733357, 0.0361017, 0.152337], 
              [0.122283, 0.278538, 0.0320945, 0.567084], 
              [0.180388, 0.134278, 0.19639, 0.488943], 
              [0.19842, 0.178358, 0.216426, 0.406795], 
              [0.176381, 0.192383, 0.222437, 0.408799], 
              [0.200424, 0.256498, 0.120253, 0.422824], 
              [0.0721932, 0.014062, 0.014062, 0.899683], 
              [0.254521, 0.0300909, 0.691281, 0.0241067], 
              [0.0281139, 0.0220765, 0.0200729, 0.929737], 
              [0.0180958, 0.00604762, 0.0982135, 0.877643], 
              [0.0080778, 0.00805123, 0.0641522, 0.919719], 
              [0.420821, 0.0280873, 0.494928, 0.0561644], 
              [0.0862185, 0.524982, 0.0481234, 0.340676], 
              [0.290586, 0.158322, 0.0541342, 0.496958]
            ],
            "pos": 25288,
            "neg": 25288,
            "tp": 13288,
            "fp": 3876,
            "positive_thresh": 25288,
            "true_positive_thresh": 1.76889,
            "number_of_tests": 21020,
            "corrected_pvalue": "6.08e-1767",
            "evalue": "7.92e-1764"
          }, {
            "db": 1,
            "id": "FOXA2_MOUSE.H11MO.0.A",
            "len": 13,
            "motif_evalue": 0,
            "motif_nsites": 500,
            "url": "http://hocomoco.autosome.ru/motif/FOXA2_MOUSE.H11MO.0.A",
            "pwm": [
              [0.110041, 0.399957, 0.180001, 0.310001], 
              [0.16803, 0.357965, 0.253986, 0.220019], 
              [0.198024, 0.265984, 0.114014, 0.421979], 
              [0.0460541, 0.00803513, 0.00203633, 0.943874], 
              [0.304002, 0.0140339, 0.6819, 6.32512e-05], 
              [0.00806165, 0.00403593, 0.00403593, 0.983866], 
              [0.00606205, 0.00203633, 0.0660235, 0.925878], 
              [6.32512e-05, 3.67288e-05, 0.295978, 0.703922], 
              [0.903882, 0.00203633, 0.0640239, 0.0300573], 
              [0.00406245, 0.907855, 0.00203633, 0.0860461], 
              [0.435976, 0.106016, 0.00203633, 0.455972], 
              [0.0960441, 0.28598, 0.0980171, 0.519959], 
              [0.471969, 0.00803513, 0.0380291, 0.481967]
            ],
            "pos": 25288,
            "neg": 25288,
            "tp": 14395,
            "fp": 4814,
            "positive_thresh": 25288,
            "true_positive_thresh": 1.0358,
            "number_of_tests": 19221,
            "corrected_pvalue": "7.60e-1730",
            "evalue": "9.90e-1727"
          }, {
            "db": 0,
            "id": "FOXA3_HUMAN.H11MO.0.B",
            "len": 13,
            "motif_evalue": 0,
            "motif_nsites": 500,
            "url": "http://hocomoco.autosome.ru/motif/FOXA3_HUMAN.H11MO.0.B",
            "pwm": [
              [0.158032, 0.465944, 0.215994, 0.160031], 
              [0.228018, 0.249987, 0.0780211, 0.443974], 
              [0.0120609, 3.67288e-05, 0.00603553, 0.981867], 
              [0.246014, 0.00803513, 0.737889, 0.00806165], 
              [0.00806165, 0.0220323, 0.0140339, 0.955872], 
              [0.00606205, 3.67288e-05, 0.0360295, 0.957872], 
              [0.00806165, 3.67288e-05, 0.271982, 0.719919], 
              [0.855892, 0.00603553, 0.114014, 0.0240585], 
              [0.00406245, 0.873862, 0.0220323, 0.100043], 
              [0.36799, 0.152006, 0.00803513, 0.471969], 
              [0.0940445, 0.23199, 0.106016, 0.56795], 
              [0.425978, 0.0140339, 0.0540259, 0.505962], 
              [0.154032, 0.116014, 0.577921, 0.152033]
            ],
            "pos": 25288,
            "neg": 25288,
            "tp": 14605,
            "fp": 5014,
            "positive_thresh": 25288,
            "true_positive_thresh": 1.05055,
            "number_of_tests": 19692,
            "corrected_pvalue": "1.55e-1717",
            "evalue": "2.02e-1714"
          }, {
            "db": 1,
            "id": "FOXA3_MOUSE.H11MO.0.A",
            "len": 13,
            "motif_evalue": 0,
            "motif_nsites": 500,
            "url": "http://hocomoco.autosome.ru/motif/FOXA3_MOUSE.H11MO.0.A",
            "pwm": [
              [0.158032, 0.465944, 0.215994, 0.160031], 
              [0.228018, 0.249987, 0.0780211, 0.443974], 
              [0.0120609, 3.67288e-05, 0.00603553, 0.981867], 
              [0.246014, 0.00803513, 0.737889, 0.00806165], 
              [0.00806165, 0.0220323, 0.0140339, 0.955872], 
              [0.00606205, 3.67288e-05, 0.0360295, 0.957872], 
              [0.00806165, 3.67288e-05, 0.271982, 0.719919], 
              [0.855892, 0.00603553, 0.114014, 0.0240585], 
              [0.00406245, 0.873862, 0.0220323, 0.100043], 
              [0.36799, 0.152006, 0.00803513, 0.471969], 
              [0.0940445, 0.23199, 0.106016, 0.56795], 
              [0.425978, 0.0140339, 0.0540259, 0.505962], 
              [0.154032, 0.116014, 0.577921, 0.152033]
            ],
            "pos": 25288,
            "neg": 25288,
            "tp": 14605,
            "fp": 5014,
            "positive_thresh": 25288,
            "true_positive_thresh": 1.05055,
            "number_of_tests": 19692,
            "corrected_pvalue": "1.55e-1717",
            "evalue": "2.02e-1714"
          }, {
            "db": 0,
            "id": "GCR_HUMAN.H11MO.0.A",
            "len": 15,
            "motif_evalue": 0,
            "motif_nsites": 500,
            "url": "http://hocomoco.autosome.ru/motif/GCR_HUMAN.H11MO.0.A",
            "pwm": [
              [0.469969, 0.0460275, 0.353966, 0.130037], 
              [0.0920449, 0.0100347, 0.837869, 0.0600513], 
              [0.443974, 0.156006, 0.217993, 0.182027], 
              [0.897884, 0.0260315, 0.0280311, 0.0480537], 
              [0.0120609, 0.947847, 0.0260315, 0.0140605], 
              [0.761911, 0.0280311, 0.0900187, 0.120039], 
              [0.158032, 0.297977, 0.351966, 0.192025], 
              [0.631937, 0.367963, 3.67288e-05, 6.32512e-05], 
              [0.401983, 0.28398, 0.217993, 0.0960441], 
              [0.180027, 0.0540259, 0.0360295, 0.729917], 
              [0.0140605, 0.0220323, 0.953846, 0.0100613], 
              [0.0520529, 0.0380291, 0.0240319, 0.885886], 
              [0.190025, 0.265984, 0.182, 0.361991], 
              [0.0620509, 0.847867, 0.00603553, 0.0840465], 
              [0.176028, 0.351966, 0.0260315, 0.445974]
            ],
            "pos": 25288,
            "neg": 25288,
            "tp": 12241,
            "fp": 3429,
            "positive_thresh": 25288,
            "true_positive_thresh": 1.11237,
            "number_of_tests": 15891,
            "corrected_pvalue": "2.94e-1628",
            "evalue": "3.83e-1625"
          }, {
            "db": 0,
            "id": "PRGR_HUMAN.H11MO.0.A",
            "len": 16,
            "motif_evalue": 0,
            "motif_nsites": 315,
            "url": "http://hocomoco.autosome.ru/motif/PRGR_HUMAN.H11MO.0.A",
            "pwm": [
              [0.422189, 0.0222735, 0.403105, 0.152433], 
              [0.0984819, 0.00957908, 0.844235, 0.0477043], 
              [0.498355, 0.158738, 0.1873, 0.155607], 
              [0.895054, 0.0508358, 0.0254471, 0.0286627], 
              [0.00962117, 0.875971, 0.00957908, 0.104829], 
              [0.64434, 0.0349678, 0.114308, 0.206384], 
              [0.0286627, 0.180953, 0.171432, 0.618952], 
              [0.0794403, 0.219036, 0.114308, 0.587216], 
              [0.0667459, 0.466577, 0.146044, 0.320634], 
              [0.0921347, 0.0635302, 0.041315, 0.80302], 
              [0.0159684, 0.0857454, 0.860103, 0.0381835], 
              [0.0572251, 0.0349678, 0.0349678, 0.872839], 
              [0.234946, 0.130176, 0.149217, 0.485661], 
              [0.0635723, 0.809325, 0.00957908, 0.117523], 
              [0.0826139, 0.263467, 0.0254471, 0.628472], 
              [0.130218, 0.244425, 0.234904, 0.390453]
            ],
            "pos": 25288,
            "neg": 25288,
            "tp": 12753,
            "fp": 3860,
            "positive_thresh": 25288,
            "true_positive_thresh": 1.09511,
            "number_of_tests": 16681,
            "corrected_pvalue": "7.55e-1600",
            "evalue": "9.84e-1597"
          }, {
            "db": 1,
            "id": "PRGR_MOUSE.H11MO.0.A",
            "len": 15,
            "motif_evalue": 0,
            "motif_nsites": 500,
            "url": "http://hocomoco.autosome.ru/motif/PRGR_MOUSE.H11MO.0.A",
            "pwm": [
              [0.46397, 0.0100347, 0.457945, 0.0680497], 
              [0.11404, 0.0120343, 0.827871, 0.0460541], 
              [0.451973, 0.158005, 0.205996, 0.184026], 
              [0.925878, 0.0180331, 0.0380291, 0.0180597], 
              [0.00206285, 0.957845, 0.0320303, 0.00806165], 
              [0.793904, 0.0140339, 0.0840199, 0.108042], 
              [0.250013, 0.176002, 0.405956, 0.16803], 
              [0.637936, 3.67288e-05, 0.361964, 6.32512e-05], 
              [0.403982, 0.261984, 0.257985, 0.0760481], 
              [0.178028, 0.122012, 0.0300307, 0.669929], 
              [0.0340565, 0.0220323, 0.943848, 6.32512e-05], 
              [0.0500533, 0.0260315, 0.0220323, 0.901883], 
              [0.198024, 0.221992, 0.158005, 0.421979], 
              [0.0360561, 0.841868, 0.0160335, 0.106042], 
              [0.0980437, 0.38196, 0.0300307, 0.489965]
            ],
            "pos": 25288,
            "neg": 25288,
            "tp": 11326,
            "fp": 2884,
            "positive_thresh": 25288,
            "true_positive_thresh": 1.12786,
            "number_of_tests": 14448,
            "corrected_pvalue": "2.58e-1592",
            "evalue": "3.35e-1589"
          }, {
            "db": 1,
            "id": "GCR_MOUSE.H11MO.0.A",
            "len": 15,
            "motif_evalue": 0,
            "motif_nsites": 500,
            "url": "http://hocomoco.autosome.ru/motif/GCR_MOUSE.H11MO.0.A",
            "pwm": [
              [0.46597, 0.0200327, 0.403956, 0.110041], 
              [0.0680497, 0.00803513, 0.843868, 0.0800473], 
              [0.349993, 0.166004, 0.315974, 0.16803], 
              [0.861891, 0.0260315, 0.0240319, 0.0880457], 
              [6.32512e-05, 0.971842, 0.0180331, 0.0100613], 
              [0.8179, 0.0180331, 0.0500267, 0.11404], 
              [0.152033, 0.249987, 0.403956, 0.194024], 
              [0.629937, 3.67288e-05, 0.369963, 6.32512e-05], 
              [0.377988, 0.257985, 0.299977, 0.0640505], 
              [0.16603, 0.0860195, 0.0420283, 0.705922], 
              [0.0220589, 0.00603553, 0.965844, 0.00606205], 
              [0.0540525, 0.0180331, 0.0320303, 0.895884], 
              [0.162031, 0.317973, 0.140009, 0.379987], 
              [0.0540525, 0.865864, 0.00403593, 0.0760481], 
              [0.108042, 0.387959, 0.0340299, 0.469969]
            ],
            "pos": 25288,
            "neg": 25288,
            "tp": 11244,
            "fp": 2893,
            "positive_thresh": 25288,
            "true_positive_thresh": 1.10813,
            "number_of_tests": 14243,
            "corrected_pvalue": "4.28e-1562",
            "evalue": "5.57e-1559"
          }, {
            "db": 0,
            "id": "ANDR_HUMAN.H11MO.1.A",
            "len": 16,
            "motif_evalue": 0,
            "motif_nsites": 500,
            "url": "http://hocomoco.autosome.ru/motif/ANDR_HUMAN.H11MO.1.A",
            "pwm": [
              [0.361991, 0.0240319, 0.455946, 0.158032], 
              [0.108042, 0.0260315, 0.807875, 0.0580517], 
              [0.371989, 0.209995, 0.223992, 0.194024], 
              [0.825898, 0.0500267, 0.0500267, 0.0740485], 
              [0.00206285, 0.93185, 0.0300307, 0.0360561], 
              [0.697924, 0.0240319, 0.0780211, 0.200023], 
              [0.126038, 0.229991, 0.351966, 0.292005], 
              [6.32512e-05, 3.67288e-05, 0.38396, 0.61594], 
              [0.11604, 0.355966, 0.399957, 0.128038], 
              [0.146034, 0.0660235, 0.0140339, 0.773908], 
              [0.00406245, 0.0320303, 0.961844, 0.00206285], 
              [0.0860461, 0.0420283, 0.0220323, 0.849893], 
              [0.210021, 0.170003, 0.193998, 0.425978], 
              [0.0740485, 0.805876, 0.00603553, 0.11404], 
              [0.0920449, 0.411954, 0.0140339, 0.481967], 
              [0.142035, 0.261984, 0.195998, 0.399983]
            ],
            "pos": 25288,
            "neg": 25288,
            "tp": 11279,
            "fp": 2934,
            "positive_thresh": 25288,
            "true_positive_thresh": 1.62184,
            "number_of_tests": 16718,
            "corrected_pvalue": "1.61e-1553",
            "evalue": "2.10e-1550"
          }, {
            "db": 0,
            "id": "FOXF2_HUMAN.H11MO.0.D",
            "len": 11,
            "motif_evalue": 0,
            "motif_nsites": 26,
            "url": "http://hocomoco.autosome.ru/motif/FOXF2_HUMAN.H11MO.0.D",
            "pwm": [
              [0.0164053, 0.0158971, 0.0158971, 0.9518], 
              [0.146875, 0.000703758, 0.820823, 0.0315987], 
              [0.00121195, 0.000703758, 0.0310905, 0.966994], 
              [0.122759, 0.000703758, 0.000703758, 0.875834], 
              [0.122759, 0.000703758, 0.0310905, 0.845447], 
              [0.770794, 0.000703758, 0.22729, 0.00121195], 
              [0.00121195, 0.782344, 0.0310905, 0.185354], 
              [0.284808, 0.255735, 0.0593735, 0.400084], 
              [0.0417141, 0.041206, 0.0108192, 0.906261], 
              [0.481129, 0.000703758, 0.0310905, 0.487077], 
              [0.254421, 0.0108192, 0.357131, 0.377628]
            ],
            "pos": 25288,
            "neg": 25288,
            "tp": 13577,
            "fp": 4876,
            "positive_thresh": 25288,
            "true_positive_thresh": 1.03879,
            "number_of_tests": 18528,
            "corrected_pvalue": "6.87e-1444",
            "evalue": "8.94e-1441"
          }, {
            "db": 1,
            "id": "FOXF2_MOUSE.H11MO.0.D",
            "len": 11,
            "motif_evalue": 0,
            "motif_nsites": 26,
            "url": "http://hocomoco.autosome.ru/motif/FOXF2_MOUSE.H11MO.0.D",
            "pwm": [
              [0.0164053, 0.0158971, 0.0158971, 0.9518], 
              [0.146875, 0.000703758, 0.820823, 0.0315987], 
              [0.00121195, 0.000703758, 0.0310905, 0.966994], 
              [0.122759, 0.000703758, 0.000703758, 0.875834], 
              [0.122759, 0.000703758, 0.0310905, 0.845447], 
              [0.770794, 0.000703758, 0.22729, 0.00121195], 
              [0.00121195, 0.782344, 0.0310905, 0.185354], 
              [0.284808, 0.255735, 0.0593735, 0.400084], 
              [0.0417141, 0.041206, 0.0108192, 0.906261], 
              [0.481129, 0.000703758, 0.0310905, 0.487077], 
              [0.254421, 0.0108192, 0.357131, 0.377628]
            ],
            "pos": 25288,
            "neg": 25288,
            "tp": 13577,
            "fp": 4876,
            "positive_thresh": 25288,
            "true_positive_thresh": 1.03879,
            "number_of_tests": 18528,
            "corrected_pvalue": "6.87e-1444",
            "evalue": "8.94e-1441"
          }, {
            "db": 0,
            "id": "FOXF1_HUMAN.H11MO.0.D",
            "len": 11,
            "motif_evalue": 0,
            "motif_nsites": 8,
            "url": "http://hocomoco.autosome.ru/motif/FOXF1_HUMAN.H11MO.0.D",
            "pwm": [
              [0.414217, 0.151142, 0.151142, 0.283498], 
              [0.00390517, 0.00226767, 0.00226767, 0.991559], 
              [0.134624, 0.00226767, 0.859203, 0.00390517], 
              [0.00390517, 0.00226767, 0.00226767, 0.991559], 
              [0.00390517, 0.00226767, 0.00226767, 0.991559], 
              [0.00390517, 0.00226767, 0.00226767, 0.991559], 
              [0.730122, 0.0676271, 0.198346, 0.00390517], 
              [0.00390517, 0.132987, 0.00226767, 0.860841], 
              [0.0220606, 0.151142, 0.151142, 0.675655], 
              [0.265343, 0.169297, 0.00226767, 0.563092], 
              [0.432373, 0.00226767, 0.0385785, 0.526781]
            ],
            "pos": 25288,
            "neg": 25288,
            "tp": 13024,
            "fp": 4493,
            "positive_thresh": 25288,
            "true_positive_thresh": 1.03532,
            "number_of_tests": 17562,
            "corrected_pvalue": "1.15e-1423",
            "evalue": "1.50e-1420"
          }, {
            "db": 1,
            "id": "FOXF1_MOUSE.H11MO.0.D",
            "len": 11,
            "motif_evalue": 0,
            "motif_nsites": 8,
            "url": "http://hocomoco.autosome.ru/motif/FOXF1_MOUSE.H11MO.0.D",
            "pwm": [
              [0.414217, 0.151142, 0.151142, 0.283498], 
              [0.00390517, 0.00226767, 0.00226767, 0.991559], 
              [0.134624, 0.00226767, 0.859203, 0.00390517], 
              [0.00390517, 0.00226767, 0.00226767, 0.991559], 
              [0.00390517, 0.00226767, 0.00226767, 0.991559], 
              [0.00390517, 0.00226767, 0.00226767, 0.991559], 
              [0.730122, 0.0676271, 0.198346, 0.00390517], 
              [0.00390517, 0.132987, 0.00226767, 0.860841], 
              [0.0220606, 0.151142, 0.151142, 0.675655], 
              [0.265343, 0.169297, 0.00226767, 0.563092], 
              [0.432373, 0.00226767, 0.0385785, 0.526781]
            ],
            "pos": 25288,
            "neg": 25288,
            "tp": 13024,
            "fp": 4493,
            "positive_thresh": 25288,
            "true_positive_thresh": 1.03532,
            "number_of_tests": 17562,
            "corrected_pvalue": "1.15e-1423",
            "evalue": "1.50e-1420"
          }, {
            "db": 1,
            "id": "ANDR_MOUSE.H11MO.0.A",
            "len": 16,
            "motif_evalue": 0,
            "motif_nsites": 500,
            "url": "http://hocomoco.autosome.ru/motif/ANDR_MOUSE.H11MO.0.A",
            "pwm": [
              [0.401983, 0.0160335, 0.519933, 0.0620509], 
              [0.0260581, 0.00403593, 0.943848, 0.0260581], 
              [0.451973, 0.191998, 0.213994, 0.142035], 
              [0.901883, 0.0180331, 0.0260315, 0.0540525], 
              [6.32512e-05, 0.961844, 0.0260315, 0.0120609], 
              [0.8159, 0.0160335, 0.0940179, 0.0740485], 
              [0.0560521, 0.409955, 0.263984, 0.270009], 
              [6.32512e-05, 0.377961, 3.67288e-05, 0.621939], 
              [0.128038, 0.38396, 0.369963, 0.11804], 
              [0.0840465, 0.0560255, 0.0120343, 0.847894], 
              [0.00406245, 0.0100347, 0.98584, 6.32512e-05], 
              [0.0240585, 0.0260315, 0.0180331, 0.931877], 
              [0.148034, 0.211994, 0.205996, 0.433976], 
              [0.0320569, 0.93385, 0.00403593, 0.0300573], 
              [0.0540525, 0.53393, 0.00403593, 0.407982], 
              [0.136036, 0.309975, 0.191998, 0.361991]
            ],
            "pos": 25288,
            "neg": 25288,
            "tp": 8559,
            "fp": 1583,
            "positive_thresh": 25288,
            "true_positive_thresh": 1.1286,
            "number_of_tests": 10142,
            "corrected_pvalue": "1.48e-1406",
            "evalue": "1.93e-1403"
          }, {
            "db": 1,
            "id": "FOXP2_MOUSE.H11MO.0.A",
            "len": 9,
            "motif_evalue": 0,
            "motif_nsites": 1997,
            "url": "http://hocomoco.autosome.ru/motif/FOXP2_MOUSE.H11MO.0.A",
            "pwm": [
              [0.1508, 0.326639, 0.189418, 0.333143], 
              [0.0175877, 0.0109143, 0.0111216, 0.960376], 
              [0.123351, 0.00264784, 0.872798, 0.00120353], 
              [0.00273402, 0.0274489, 0.00179474, 0.968022], 
              [1.58389e-05, 0.00117468, 0.0665396, 0.93227], 
              [0.00316578, 0.0163901, 0.133568, 0.846876], 
              [0.740467, 0.153208, 0.0487916, 0.0575326], 
              [0.153961, 0.669138, 0.0127877, 0.164114], 
              [0.301741, 0.184112, 0.178483, 0.335664]
            ],
            "pos": 25288,
            "neg": 25288,
            "tp": 17519,
            "fp": 8908,
            "positive_thresh": 25288,
            "true_positive_thresh": 1.02183,
            "number_of_tests": 26503,
            "corrected_pvalue": "1.80e-1300",
            "evalue": "2.35e-1297"
          }, {
            "db": 1,
            "id": "FOXL2_MOUSE.H11MO.0.C",
            "len": 11,
            "motif_evalue": 0,
            "motif_nsites": 500,
            "url": "http://hocomoco.autosome.ru/motif/FOXL2_MOUSE.H11MO.0.C",
            "pwm": [
              [0.0220589, 0.00203633, 0.00403593, 0.971869], 
              [0.0760481, 0.00403593, 0.909855, 0.0100613], 
              [6.32512e-05, 0.00203633, 3.67288e-05, 0.997864], 
              [0.00206285, 0.00403593, 0.0200327, 0.973868], 
              [0.00406245, 0.00603553, 0.108015, 0.881887], 
              [0.769909, 0.0760215, 0.0140339, 0.140035], 
              [0.00606205, 0.557925, 0.0580251, 0.377988], 
              [0.543954, 0.110015, 0.0820203, 0.26401], 
              [0.176028, 0.142008, 0.0800207, 0.601943], 
              [0.196024, 0.0760215, 0.0460275, 0.681927], 
              [0.254012, 0.184, 0.124012, 0.437976]
            ],
            "pos": 25288,
            "neg": 25288,
            "tp": 14878,
            "fp": 6684,
            "positive_thresh": 25288,
            "true_positive_thresh": 1.04568,
            "number_of_tests": 21738,
            "corrected_pvalue": "3.15e-1201",
            "evalue": "4.10e-1198"
          }, {
            "db": 0,
            "id": "FOXK1_HUMAN.H11MO.0.A",
            "len": 10,
            "motif_evalue": 0,
            "motif_nsites": 500,
            "url": "http://hocomoco.autosome.ru/motif/FOXK1_HUMAN.H11MO.0.A",
            "pwm": [
              [0.0200593, 0.00803513, 0.0100347, 0.961871], 
              [0.0760481, 0.0200327, 0.895858, 0.00806165], 
              [0.00606205, 0.0860195, 0.0200327, 0.887886], 
              [0.00206285, 0.0100347, 0.100017, 0.887886], 
              [0.0200593, 0.0200327, 0.166004, 0.793904], 
              [0.491965, 0.251986, 0.0620243, 0.194024], 
              [0.0240585, 0.655906, 0.0400287, 0.280007], 
              [0.304002, 0.23399, 0.110015, 0.351993], 
              [0.154032, 0.211994, 0.150007, 0.483966], 
              [0.11604, 0.227991, 0.144008, 0.511961]
            ],
            "pos": 25288,
            "neg": 25288,
            "tp": 18666,
            "fp": 10551,
            "positive_thresh": 25288,
            "true_positive_thresh": 1.09549,
            "number_of_tests": 30476,
            "corrected_pvalue": "9.37e-1181",
            "evalue": "1.22e-1177"
          }, {
            "db": 0,
            "id": "FOXD3_HUMAN.H11MO.0.D",
            "len": 15,
            "motif_evalue": 0,
            "motif_nsites": 465,
            "url": "http://hocomoco.autosome.ru/motif/FOXD3_HUMAN.H11MO.0.D",
            "pwm": [
              [0.157024, 0.176346, 0.2989, 0.367731], 
              [0.118322, 0.217197, 0.266649, 0.397832], 
              [0.135523, 0.00648972, 0.0559414, 0.802046], 
              [0.0387694, 0.0688419, 0.87297, 0.0194187], 
              [0.0925212, 0.0516413, 0.0365908, 0.819247], 
              [0.0366193, 0.111843, 0.0494912, 0.802046], 
              [0.0538199, 3.94928e-05, 0.0946428, 0.851498], 
              [0.33978, 0.199996, 0.225797, 0.234426], 
              [0.05812, 0.59991, 0.0623917, 0.279578], 
              [0.294628, 0.202147, 0.0408909, 0.462334], 
              [0.109722, 0.223647, 0.070992, 0.595639], 
              [0.404282, 0.0473411, 0.146245, 0.402132], 
              [0.230126, 0.141944, 0.427904, 0.200025], 
              [0.101122, 0.363402, 0.348352, 0.187125], 
              [0.356981, 0.29245, 0.111843, 0.238726]
            ],
            "pos": 25288,
            "neg": 25288,
            "tp": 15739,
            "fp": 7986,
            "positive_thresh": 25288,
            "true_positive_thresh": 1.51639,
            "number_of_tests": 31691,
            "corrected_pvalue": "1.11e-1051",
            "evalue": "1.45e-1048"
          }, {
            "db": 1,
            "id": "FOXD3_MOUSE.H11MO.0.C",
            "len": 15,
            "motif_evalue": 0,
            "motif_nsites": 465,
            "url": "http://hocomoco.autosome.ru/motif/FOXD3_MOUSE.H11MO.0.C",
            "pwm": [
              [0.157024, 0.176346, 0.2989, 0.367731], 
              [0.118322, 0.217197, 0.266649, 0.397832], 
              [0.135523, 0.00648972, 0.0559414, 0.802046], 
              [0.0387694, 0.0688419, 0.87297, 0.0194187], 
              [0.0925212, 0.0516413, 0.0365908, 0.819247], 
              [0.0366193, 0.111843, 0.0494912, 0.802046], 
              [0.0538199, 3.94928e-05, 0.0946428, 0.851498], 
              [0.33978, 0.199996, 0.225797, 0.234426], 
              [0.05812, 0.59991, 0.0623917, 0.279578], 
              [0.294628, 0.202147, 0.0408909, 0.462334], 
              [0.109722, 0.223647, 0.070992, 0.595639], 
              [0.404282, 0.0473411, 0.146245, 0.402132], 
              [0.230126, 0.141944, 0.427904, 0.200025], 
              [0.101122, 0.363402, 0.348352, 0.187125], 
              [0.356981, 0.29245, 0.111843, 0.238726]
            ],
            "pos": 25288,
            "neg": 25288,
            "tp": 15739,
            "fp": 7986,
            "positive_thresh": 25288,
            "true_positive_thresh": 1.51639,
            "number_of_tests": 31691,
            "corrected_pvalue": "1.11e-1051",
            "evalue": "1.45e-1048"
          }, {
            "db": 0,
            "id": "FOXP2_HUMAN.H11MO.0.C",
            "len": 9,
            "motif_evalue": 0,
            "motif_nsites": 500,
            "url": "http://hocomoco.autosome.ru/motif/FOXP2_HUMAN.H11MO.0.C",
            "pwm": [
              [0.0720489, 0.399957, 0.215994, 0.312001], 
              [0.00606205, 0.00403593, 0.0140339, 0.975868], 
              [0.0400553, 0.00803513, 0.947847, 0.00406245], 
              [0.00606205, 0.0140339, 0.0120343, 0.96787], 
              [0.00206285, 0.0100347, 0.0880191, 0.899883], 
              [6.32512e-05, 3.67288e-05, 0.174002, 0.825898], 
              [0.787906, 0.100017, 0.0340299, 0.0780477], 
              [0.00806165, 0.747887, 0.0300307, 0.21402], 
              [0.339995, 0.289979, 0.104016, 0.26601]
            ],
